4.79	3.93	
2.64	2.86	
3.37	4.32	
4.44	3.97	
2.44	4.09	
5.84	4.98	
2.70	1.99	
5.19	4.18	
4.55	2.23	
3.79	2.00	
4.72	4.75	
4.51	3.60	
3.47	2.57	
2.68	1.68	
2.23	4.06	
3.51	3.67	
5.55	3.31	
2.00	4.46	
3.94	2.95	
4.42	4.18	
3.29	2.79	
3.28	2.26	
3.27	3.30	
5.04	0.94	
4.83	2.26	
3.62	3.78	
2.62	3.00	
3.89	4.78	
1.24	2.24	
3.29	1.66	
4.01	2.18	
3.17	3.48	
5.51	2.53	
4.72	2.31	
3.86	3.71	
3.26	3.79	
4.07	2.64	
3.53	4.27	
2.85	4.28	
3.71	4.80	
5.11	2.43	
3.35	4.71	
2.65	3.47	
5.11	4.90	
1.52	2.76	
4.27	2.48	
3.55	3.38	
4.91	2.34	
3.48	3.65	
2.22	0.80	
4.57	2.51	
3.08	3.54	
5.19	1.72	
4.54	3.48	
3.82	3.93	
2.87	3.56	
3.39	2.55	
3.03	2.37	
4.77	2.51	
4.89	3.15	
5.12	3.50	
1.67	3.71	
3.20	3.01	
3.66	2.11	
2.99	3.53	
5.87	2.37	
4.37	3.03	
5.20	2.35	
3.43	4.13	
2.22	3.67	
2.45	2.90	
5.10	3.43	
2.50	2.69	
2.58	2.23	
1.83	1.48	
4.20	3.08	
3.61	4.16	
3.64	2.59	
4.20	1.93	
3.81	2.06	
1.98	2.50	
2.29	3.23	
5.22	1.79	
5.08	4.19	
3.58	2.12	
4.60	4.39	
3.81	2.75	
4.13	3.94	
4.21	2.74	
2.77	1.96	
2.78	2.22	
4.02	3.56	
3.56	3.72	
3.25	3.27	
3.84	3.61	
0.93	2.80	
4.06	3.01	
4.12	2.61	
2.79	2.50	
3.30	3.35	
3.84	1.25	
1.19	2.72	
4.71	3.71	
3.23	3.54	
5.45	4.76	
2.79	3.30	
3.11	3.85	
2.82	3.42	
3.32	2.28	
5.43	3.97	
2.04	2.52	
4.08	2.95	
3.77	1.18	
3.34	1.55	
3.03	1.94	
3.55	2.67	
2.31	4.67	
5.71	1.56	
5.13	4.28	
3.72	2.95	
4.37	2.63	
2.07	2.27	
5.45	2.57	
3.58	3.86	
2.30	3.41	
3.37	2.17	
3.27	4.07	
4.20	3.12	
2.23	3.81	
3.42	1.51	
5.36	2.66	
4.32	4.58	
3.32	3.70	
5.53	2.54	
2.79	2.58	
4.15	1.80	
3.14	3.98	
4.43	4.86	
3.16	2.75	
3.06	2.87	
3.55	1.85	
3.89	4.54	
1.94	3.72	
4.64	4.55	
2.52	3.64	
2.95	3.90	
4.95	3.36	
4.03	1.67	
2.60	3.21	
4.01	4.89	
3.91	2.11	
4.32	3.10	
5.17	4.69	
4.19	4.11	
3.50	0.56	
3.30	2.71	
3.31	2.15	
4.82	1.58	
5.28	3.15	
5.02	3.29	
4.84	2.32	
4.51	3.15	
5.10	1.90	
5.00	5.29	
4.01	3.02	
5.37	4.96	
3.48	1.58	
2.74	4.45	
3.05	1.97	
2.12	3.66	
2.76	1.42	
4.40	3.58	
5.35	2.17	
2.17	2.87	
3.41	2.77	
2.92	2.70	
3.81	3.44	
4.43	2.87	
4.32	2.31	
6.41	2.77	
4.80	1.59	
3.33	3.91	
4.34	2.87	
3.26	3.80	
3.64	2.35	
4.64	3.69	
2.26	2.47	
3.61	2.09	
5.21	2.83	
5.20	2.15	
4.11	1.41	
1.83	3.31	
5.23	2.06	
4.69	2.33	
1.93	0.48	
3.57	5.01	
4.52	1.31	
2.57	4.04	
4.87	2.80	
4.96	2.75	
4.38	2.93	
4.03	3.57	
4.29	3.84	
5.88	0.72	
4.99	4.19	
3.01	4.21	
5.60	2.17	
4.21	2.39	
5.55	2.56	
4.10	2.02	
5.00	2.87	
4.59	2.95	
5.13	1.55	
3.65	1.74	
5.36	3.54	
3.07	3.10	
4.08	5.02	
6.13	2.23	
4.15	3.06	
3.19	1.22	
3.16	2.30	
5.38	1.98	
5.08	2.64	
4.75	2.80	
4.78	4.03	
1.91	3.45	
3.54	2.13	
4.14	4.30	
4.32	3.06	
3.90	4.65	
3.75	1.31	
2.85	3.58	
3.71	2.94	
5.37	2.98	
5.08	0.69	
4.82	2.81	
4.64	2.61	
3.66	3.96	
5.25	2.92	
3.59	3.50	
3.71	2.84	
3.13	1.91	
4.06	2.51	
2.99	3.88	
3.99	2.78	
4.21	3.27	
5.09	2.20	
3.82	2.07	
4.75	2.77	
3.12	1.94	
4.37	3.42	
5.61	3.94	
5.13	2.33	
4.46	3.07	
3.80	2.07	
3.60	3.08	
3.37	3.66	
4.01	0.89	
5.02	4.16	
4.42	2.61	
5.86	2.89	
2.48	2.57	
4.78	1.69	
5.01	4.19	
3.78	3.48	
4.25	1.93	
4.09	4.36	
5.77	3.40	
1.06	3.16	
3.47	4.20	
3.29	3.02	
4.18	3.93	
4.37	2.62	
2.99	2.42	
3.09	2.67	
4.26	3.09	
5.68	1.65	
3.09	3.70	
5.24	3.80	
3.52	2.36	
3.53	0.83	
3.50	3.30	
4.30	3.75	
3.26	3.78	
4.96	3.51	
3.52	3.62	
5.86	3.01	
3.69	4.40	
3.55	0.80	
4.87	1.79	
4.72	2.42	
4.32	3.34	
2.48	4.42	
2.24	1.31	
4.54	2.88	
4.27	1.75	
3.86	2.97	
3.28	4.24	
3.61	1.88	
6.74	3.41	
5.82	3.38	
4.00	1.25	
4.65	4.06	
3.71	3.38	
3.42	3.16	
3.90	3.75	
2.97	2.89	
4.98	2.29	
4.01	3.06	
4.56	2.69	
5.56	2.13	
5.05	3.15	
5.03	3.82	
4.36	3.30	
2.87	3.55	
4.17	3.79	
3.59	1.70	
3.97	1.21	
3.06	4.09	
3.29	3.02	
3.26	2.58	
3.69	2.81	
4.36	4.25	
5.09	3.63	
2.96	3.20	
4.82	2.46	
5.38	3.76	
5.01	1.34	
2.13	1.98	
5.28	1.39	
4.09	3.20	
4.41	3.22	
3.09	3.02	
1.76	3.85	
4.08	2.93	
3.26	2.49	
4.45	2.64	
4.66	2.15	
4.80	2.60	
5.38	1.98	
3.74	1.95	
4.42	2.21	
3.66	0.39	
3.22	3.22	
3.76	2.81	
4.03	2.87	
4.00	2.18	
3.12	3.83	
5.06	3.40	
4.80	2.23	
4.63	4.75	
5.63	2.69	
3.23	3.99	
3.60	3.61	
5.29	2.56	
5.01	4.52	
5.89	2.91	
4.74	3.28	
3.32	1.75	
4.19	2.88	
3.71	2.68	
3.60	2.27	
3.05	2.64	
4.51	4.14	
2.95	2.15	
4.31	3.25	
5.50	1.95	
4.65	1.36	
3.34	2.52	
4.00	4.24	
4.69	3.08	
5.03	2.72	
4.68	3.32	
5.90	5.25	
4.14	2.37	
0.87	2.92	
2.28	4.59	
4.85	2.21	
3.76	4.00	
3.04	2.81	
3.03	2.03	
3.74	3.65	
5.88	1.39	
4.04	3.17	
4.26	2.14	
1.93	3.31	
3.77	2.06	
4.40	3.08	
5.75	4.06	
4.86	1.47	
4.13	3.46	
5.62	1.15	
3.10	1.57	
5.19	3.90	
6.07	2.50	
5.40	3.19	
4.12	4.53	
5.46	2.94	
3.36	2.70	
3.08	3.37	
4.23	3.58	
2.62	2.60	
5.23	4.18	
4.64	2.48	
1.94	2.24	
1.81	2.63	
4.03	3.21	
3.68	4.09	
4.54	2.08	
5.32	1.52	
3.92	3.23	
5.19	2.66	
4.17	1.72	
3.51	3.81	
6.83	2.97	
3.89	2.50	
5.03	1.31	
3.36	2.44	
3.34	3.33	
4.00	3.55	
2.84	3.13	
3.84	3.23	
4.89	2.21	
4.49	1.97	
3.38	2.80	
2.42	3.83	
5.44	3.05	
3.06	2.76	
4.55	0.75	
3.08	3.62	
3.82	2.37	
2.60	3.06	
2.82	2.19	
3.94	2.40	
3.68	4.89	
3.74	2.63	
3.62	2.54	
3.35	4.48	
3.96	4.12	
3.76	2.60	
2.84	3.49	
4.76	1.79	
3.67	2.22	
3.47	2.84	
3.24	3.03	
2.80	3.35	
4.84	2.82	
3.42	2.52	
3.34	4.02	
3.89	3.11	
3.88	3.26	
4.45	3.42	
5.40	2.73	
5.59	1.61	
4.02	2.29	
3.90	2.62	
5.01	2.73	
4.69	1.84	
4.71	1.85	
3.80	1.99	
3.07	3.07	
2.68	1.81	
1.76	3.12	
2.91	2.19	
4.82	2.32	
2.20	3.16	
3.51	3.48	
4.89	5.08	
4.23	2.54	
5.38	2.67	
3.66	2.35	
3.56	3.56	
5.60	2.73	
4.62	1.90	
4.10	3.72	
1.49	2.52	
5.25	2.35	
5.10	2.16	
5.59	3.96	
5.45	3.71	
4.17	3.49	
4.74	2.82	
2.97	3.64	
5.16	3.57	
5.63	3.26	
4.67	1.81	
4.79	3.75	
3.74	3.57	
2.82	1.54	
4.06	4.56	
3.38	3.69	
4.39	3.21	
2.33	3.99	
3.78	2.57	
3.68	3.19	
4.32	3.17	
3.27	3.67	
4.51	3.94	
4.93	3.89	